{"TX":0,"RX":1,"PAA_TX":0,"PAA_RX":0,"Delay":[[2.15183675E-8,4.24273168E-8,6.59691537E-8,2.37284663E-8,8.45471746E-8,2.37284663E-8,4.35898748E-8,1.0563776E-7,4.35898748E-8,7.54252341E-8,1.05057673E-7,6.67227766E-8,6.67227766E-8,7.3912382E-8,8.5136513E-8,2.9377544E-8,1.47836502E-7,2.9377544E-8,8.5136513E-8],[2.45342413E-8,4.40336905E-8,5.8135246E-8,2.6493943E-8,8.53646E-8,2.6493943E-8,4.51549127E-8,1.06293108E-7,6.86785526E-8,4.51549127E-8,1.00323938E-7,5.89890412E-8,5.89890412E-8,8.19331447E-8,8.59483222E-8,3.16532613E-8,1.48305503E-7,8.59483222E-8,3.16532613E-8],[2.96598515E-8,4.70823096E-8,5.04616047E-8,3.13002673E-8,8.69763852E-8,3.13002673E-8,4.81325664E-8,6.23170138E-8,1.07591838E-7,4.81325664E-8,9.6081E-8,5.14429139E-8,5.14429139E-8,9.00107153E-8,8.75493669E-8,3.57729881E-8,1.49239071E-7,8.75493669E-8,3.57729881E-8],[3.60051864E-8,5.13167677E-8,4.30340457E-8,3.7368082E-8,8.93395722E-8,3.7368082E-8,5.22820294E-8,1.09511049E-7,5.22820294E-8,5.6470931E-8,4.41806414E-8,9.23965047E-8,4.41806414E-8,9.81310677E-8,8.98974903E-8,4.11870538E-8,1.50628566E-7,8.98974903E-8,4.11870538E-8],[4.16666657E-9,6.34702459E-8,6.25E-8,1.08333333E-8,6.34702459E-8,1.08333333E-8,1.26735173E-7,8.89795544E-8,6.32949479E-8,8.89795544E-8,6.32949479E-8,7.08333303E-8,2.04294182E-8,1.26735173E-7,2.04294182E-8],[1.25E-8,6.45551E-8,5.41666658E-8,1.60078102E-8,6.45551E-8,1.60078102E-8,1.2728195E-7,8.33375E-8,5.50820083E-8,8.33375E-8,5.50820083E-8,7.91666679E-8,2.35849527E-8,1.2728195E-7,2.35849527E-8],[2.08333333E-8,6.66718734E-8,4.58333318E-8,2.31090418E-8,6.66718734E-8,2.31090418E-8,1.28368498E-7,7.817804E-8,4.69115591E-8,7.817804E-8,4.69115591E-8,8.75E-8,2.88795388E-8,1.28368498E-7,2.88795388E-8],[2.91666673E-8,6.97266458E-8,3.75E-8,3.08333341E-8,6.97266458E-8,3.08333341E-8,1.29981302E-7,7.36027275E-8,3.88104375E-8,7.36027275E-8,3.88104375E-8,9.58333359E-8,3.53651579E-8,1.29981302E-7,3.53651579E-8],[2.15183675E-8,8.45471746E-8,6.59691537E-8,2.37284663E-8,4.24273168E-8,2.37284663E-8,1.47836502E-7,6.67227766E-8,1.05057673E-7,6.67227766E-8,7.3912382E-8,8.5136513E-8,2.9377544E-8,1.0563776E-7,4.35898748E-8,4.35898748E-8,7.54252341E-8,8.5136513E-8,2.9377544E-8],[2.45342413E-8,8.53646E-8,5.8135246E-8,2.6493943E-8,4.40336905E-8,2.6493943E-8,1.48305503E-7,5.89890412E-8,1.00323938E-7,5.89890412E-8,8.19331447E-8,3.16532613E-8,8.59483222E-8,1.06293108E-7,4.51549127E-8,6.86785526E-8,4.51549127E-8,3.16532613E-8,8.59483222E-8],[2.96598515E-8,8.69763852E-8,5.04616047E-8,3.13002673E-8,4.70823096E-8,3.13002673E-8,1.49239071E-7,5.14429139E-8,9.6081E-8,5.14429139E-8,9.00107153E-8,3.57729881E-8,8.75493669E-8,4.81325664E-8,1.07591838E-7,6.23170138E-8,4.81325664E-8,3.57729881E-8,8.75493669E-8],[3.60051864E-8,8.93395722E-8,4.30340457E-8,3.7368082E-8,5.13167677E-8,3.7368082E-8,1.50628566E-7,9.23965047E-8,4.41806414E-8,5.6470931E-8,4.41806414E-8,9.81310677E-8,4.11870538E-8,8.98974903E-8,5.22820294E-8,1.09511049E-7,5.22820294E-8,4.11870538E-8,8.98974903E-8]],"Gain":[[-84.2034073,-99.9401321,-104.734039,-91.9526138,-105.359207,-91.9526138,-107.074936,-117.133606,-107.074936,-115.737556,-118.045776,-111.732704,-111.732704,-116.42157,-112.319542,-100.707535,-120.052856,-100.707535,-112.319542],[-85.3426743,-100.262924,-103.636009,-92.9101562,-105.44278,-92.9101562,-107.381325,-117.187325,-114.923645,-107.381325,-117.645317,-110.662651,-110.662651,-117.316414,-112.40197,-101.355591,-120.080368,-112.40197,-101.355591],[-86.9906,-100.844376,-102.406441,-94.3581848,-105.605247,-94.3581848,-107.936005,-114.079353,-117.292809,-107.936005,-117.269974,-109.473732,-109.473732,-118.13311,-112.562286,-102.418327,-120.134872,-112.562286,-102.418327],[-88.6745224,-101.592407,-101.023468,-95.8972397,-105.838097,-95.8972397,-108.654274,-117.446381,-108.654274,-113.223724,-108.151863,-116.930336,-108.151863,-118.883354,-112.792175,-103.642433,-120.21537,-112.792175,-103.642433],[-69.943,-103.438629,-104.264824,-85.1424637,-102.868629,-85.1424637,-118.715164,-116.603027,-111.274605,-117.173027,-111.274605,-116.051979,-97.5523453,-118.715164,-97.5523453],[-79.4854202,-103.585831,-103.021866,-88.5338593,-103.015831,-88.5338593,-118.752556,-116.034035,-110.067421,-116.604034,-110.067421,-117.018066,-98.7999191,-118.752556,-98.7999191],[-83.9223938,-103.866074,-101.570854,-91.7228622,-103.296074,-91.7228622,-118.826393,-115.47892,-108.672821,-116.04892,-108.672821,-117.887383,-100.559029,-118.826393,-100.559029],[-86.8449554,-104.255196,-99.8278503,-94.2276306,-103.685196,-94.2276306,-118.934837,-114.955101,-107.026192,-115.525101,-107.026192,-118.677551,-102.318733,-118.934837,-102.318733],[-84.2034073,-105.929207,-104.734039,-91.9526138,-99.3701324,-91.9526138,-120.052856,-111.732704,-118.615776,-111.732704,-116.42157,-112.889542,-100.707535,-117.133606,-106.504936,-106.504936,-115.167557,-112.889542,-100.707535],[-85.3426743,-106.012779,-103.636009,-92.9101562,-99.6929245,-92.9101562,-120.080368,-110.662651,-118.215317,-110.662651,-117.316414,-101.355591,-112.97197,-117.187325,-106.811325,-114.353645,-106.811325,-101.355591,-112.97197],[-86.9906,-106.175247,-102.406441,-94.3581848,-100.274376,-94.3581848,-120.134872,-109.473732,-117.839973,-109.473732,-118.13311,-102.418327,-113.132286,-107.366005,-117.292809,-113.509354,-107.366005,-102.418327,-113.132286],[-88.6745224,-106.408096,-101.023468,-95.8972397,-101.022408,-95.8972397,-120.21537,-117.500336,-108.151863,-112.653725,-108.151863,-118.883354,-103.642433,-113.362175,-108.084274,-117.446381,-108.084274,-103.642433,-113.362175]],"Phase":[[0,0,0,0,0,0,0,0,0,0,0,0,0,0,0,0,0,0,0],[0,0,0,0,0,0,0,0,0,0,0,0,0,0,0,0,0,0,0],[0,0,0,0,0,0,0,0,0,0,0,0,0,0,0,0,0,0,0],[0,0,0,0,0,0,0,0,0,0,0,0,0,0,0,0,0,0,0],[0,0,0,0,0,0,0,0,0,0,0,0,0,0,0],[0,0,0,0,0,0,0,0,0,0,0,0,0,0,0],[0,0,0,0,0,0,0,0,0,0,0,0,0,0,0],[0,0,0,0,0,0,0,0,0,0,0,0,0,0,0],[0,0,0,0,0,0,0,0,0,0,0,0,0,0,0,0,0,0,0],[0,0,0,0,0,0,0,0,0,0,0,0,0,0,0,0,0,0,0],[0,0,0,0,0,0,0,0,0,0,0,0,0,0,0,0,0,0,0],[0,0,0,0,0,0,0,0,0,0,0,0,0,0,0,0,0,0,0]],"AODEL":[[90,90,90,114.925201,90,65.0748,103.262405,90,76.7375946,90,90,81.3803864,98.6196136,90,96.7454453,47.094429,90,132.905563,83.2545547],[90,90,90,112.175491,90,67.8245087,102.794792,90,90,77.2052078,90,80.2399139,99.7600861,90,96.6814423,50.8135223,90,83.3185577,129.186478],[90,90,90,108.631851,90,71.3681488,101.991089,90,90,78.0089111,90,78.7908936,101.209106,90,96.5587082,56.0077324,90,83.4412918,123.992271],[90,90,90,105.52198,90,74.4780197,101.026924,90,78.9730759,90,103.081894,90,76.9181061,90,96.386673,60.9489,90,83.613327,119.051102],[90,90,90,157.380142,90,22.6198654,90,90,80.9097214,90,99.0902786,90,11.7682886,90,168.231705],[90,90,90,128.659805,90,51.3401909,90,90,79.5400925,90,100.459908,90,32.0053825,90,147.994614],[90,90,90,115.641006,90,64.3589935,90,90,77.6919861,90,102.308014,90,46.1691399,90,133.830856],[90,90,90,108.924644,90,71.0753555,90,90,75.0685806,90,104.931419,90,55.5610123,90,124.438988],[90,90,90,114.925201,90,65.0748,90,81.3803864,90,98.6196136,90,96.7454453,47.094429,90,103.262405,76.7375946,90,83.2545547,132.905563],[90,90,90,112.175491,90,67.8245087,90,80.2399139,90,99.7600861,90,50.8135223,96.6814423,90,102.794792,90,77.2052078,129.186478,83.3185577],[90,90,90,108.631851,90,71.3681488,90,78.7908936,90,101.209106,90,56.0077324,96.5587082,101.991089,90,90,78.0089111,123.992271,83.4412918],[90,90,90,105.52198,90,74.4780197,90,90,103.081894,90,76.9181061,90,60.9489,96.386673,101.026924,90,78.9730759,119.051102,83.613327]],"AODAZ":[[281.164886,275.635956,341.336182,281.164886,87.1751938,281.164886,275.635956,87.7394943,275.635956,325.958801,53.4936867,341.336182,341.336182,343.40387,87.1751938,281.164886,271.615051,281.164886,87.1751938],[300.63,286.491516,338.70697,300.63,81.5798645,300.63,286.491516,83.2464294,322.064056,286.491516,57.3219643,338.70697,338.70697,345.068573,81.5798645,300.63,274.83493,81.5798645,300.63],[314.620575,296.262695,335.268921,314.620575,76.1412811,314.620575,296.262695,317.348358,78.8351212,296.262695,61.508522,335.268921,335.268921,346.435486,76.1412811,314.620575,278.024536,76.1412811,314.620575],[324.102631,304.636322,330.622101,324.102631,70.9453583,324.102631,304.636322,74.5536804,304.636322,311.610138,330.622101,66.055,330.622101,347.576752,70.9453583,324.102631,281.164886,70.9453583,324.102631],[0,273.764038,0,0,86.2359619,0,88.1159515,45.3794365,0,314.620575,0,0,0,271.884064,0],[0,281.164886,0,0,78.8351212,0,84.3640594,49.4608498,0,310.539154,0,0,0,275.635956,0],[0,288.208496,0,0,71.7915192,0,80.6599731,54.1073341,0,305.89267,0,0,0,279.340027,0],[0,294.727325,0,0,65.2726822,0,77.0329132,59.3700027,0,300.63,0,0,0,282.967072,0],[78.8351212,272.824799,18.663826,78.8351212,84.3640594,78.8351212,88.3849487,18.663826,306.506317,18.663826,16.5961208,272.824799,78.8351212,272.260498,84.3640594,84.3640594,34.0412102,272.824799,78.8351212],[59.3700027,278.420135,21.2930317,59.3700027,73.5084763,59.3700027,85.165062,21.2930317,302.67804,21.2930317,14.9314175,59.3700027,278.420135,276.753571,73.5084763,37.9359589,73.5084763,59.3700027,278.420135],[45.3794365,283.858734,24.7310829,45.3794365,63.7372971,45.3794365,81.9754715,24.7310829,298.491486,24.7310829,13.5645075,45.3794365,283.858734,63.7372971,281.164886,42.6516457,63.7372971,45.3794365,283.858734],[35.897377,289.054657,29.3779,35.897377,55.3636932,35.897377,78.8351212,293.945,29.3779,48.3898659,29.3779,12.4232588,35.897377,289.054657,55.3636932,285.44632,55.3636932,35.897377,289.054657]],"AOAEL":[[90,90,90,114.925201,90,65.0748,103.262405,90,76.7375946,90,90,81.3803864,98.6196136,90,96.7454453,132.905563,90,47.094429,83.2545547],[90,90,90,112.175491,90,67.8245087,102.794792,90,90,77.2052078,90,80.2399139,99.7600861,90,96.6814423,129.186478,90,83.3185577,50.8135223],[90,90,90,108.631851,90,71.3681488,101.991089,90,90,78.0089111,90,78.7908936,101.209106,90,96.5587082,123.992271,90,83.4412918,56.0077324],[90,90,90,105.52198,90,74.4780197,101.026924,90,78.9730759,90,103.081894,90,76.9181061,90,96.386673,119.051102,90,83.613327,60.9489],[90,90,90,157.380142,90,22.6198654,90,90,80.9097214,90,99.0902786,90,168.231705,90,11.7682886],[90,90,90,128.659805,90,51.3401909,90,90,79.5400925,90,100.459908,90,147.994614,90,32.0053825],[90,90,90,115.641006,90,64.3589935,90,90,77.6919861,90,102.308014,90,133.830856,90,46.1691399],[90,90,90,108.924644,90,71.0753555,90,90,75.0685806,90,104.931419,90,124.438988,90,55.5610123],[90,90,90,114.925201,90,65.0748,90,81.3803864,90,98.6196136,90,96.7454453,132.905563,90,103.262405,76.7375946,90,83.2545547,47.094429],[90,90,90,112.175491,90,67.8245087,90,80.2399139,90,99.7600861,90,129.186478,96.6814423,90,102.794792,90,77.2052078,50.8135223,83.3185577],[90,90,90,108.631851,90,71.3681488,90,78.7908936,90,101.209106,90,123.992271,96.5587082,101.991089,90,90,78.0089111,56.0077324,83.4412918],[90,90,90,105.52198,90,74.4780197,90,90,103.081894,90,76.9181061,90,119.051102,96.386673,101.026924,90,78.9730759,60.9489,83.613327]],"AOAAZ":[[101.164879,264.364044,18.663826,101.164879,92.8248062,101.164879,264.364044,267.739502,264.364044,325.958801,53.4936867,18.663826,18.663826,163.403885,92.8248062,101.164879,91.6150513,101.164879,92.8248062],[120.63,253.508469,21.2930317,120.63,98.4201355,120.63,253.508469,263.246429,322.064056,253.508469,57.3219643,21.2930317,21.2930317,165.068588,98.4201355,120.63,94.834938,98.4201355,120.63],[134.62056,243.737305,24.7310829,134.62056,103.858719,134.62056,243.737305,317.348358,258.835114,243.737305,61.508522,24.7310829,24.7310829,166.435486,103.858719,134.62056,98.0245285,103.858719,134.62056],[144.102615,235.363693,29.3779,144.102615,109.054642,144.102615,235.363693,254.55368,235.363693,311.610138,29.3779,66.055,29.3779,167.576736,109.054642,144.102615,101.164879,109.054642,144.102615],[180,266.235962,0,180,93.7640381,180,268.115936,45.3794365,0,314.620575,0,180,180,91.8840485,180],[180,258.835114,0,180,101.164879,180,264.364044,49.4608498,0,310.539154,0,180,180,95.6359406,180],[180,251.791519,0,180,108.208481,180,260.659973,54.1073341,0,305.89267,0,180,180,99.3400269,180],[180,245.27269,0,180,114.727318,180,257.032928,59.3700027,0,300.63,0,180,180,102.967087,180],[258.835114,267.175201,341.336182,258.835114,95.6359406,258.835114,268.384949,341.336182,306.506317,341.336182,196.596115,267.175201,258.835114,92.2605057,95.6359406,95.6359406,34.0412102,267.175201,258.835114],[239.37,261.579865,338.70697,239.37,106.491524,239.37,265.16507,338.70697,302.67804,338.70697,194.931412,239.37,261.579865,96.7535706,106.491524,37.9359589,106.491524,239.37,261.579865],[225.37944,256.141266,335.268921,225.37944,116.262703,225.37944,261.975464,335.268921,298.491486,335.268921,193.564514,225.37944,256.141266,116.262703,101.164879,42.6516457,116.262703,225.37944,256.141266],[215.897385,250.945358,330.622101,215.897385,124.636307,215.897385,258.835114,293.945,330.622101,48.3898659,330.622101,192.423264,215.897385,250.945358,124.636307,105.44632,124.636307,215.897385,250.945358]]}
{"TX":1,"RX":0,"PAA_TX":0,"PAA_RX":0,"Delay":[[2.15183675E-8,4.24273168E-8,6.59691537E-8,2.37284663E-8,8.45471746E-8,2.37284663E-8,4.35898748E-8,1.0563776E-7,4.35898748E-8,7.54252341E-8,1.05057673E-7,6.67227766E-8,6.67227766E-8,7.3912382E-8,8.5136513E-8,2.9377544E-8,1.47836502E-7,2.9377544E-8,8.5136513E-8],[2.45342413E-8,4.40336905E-8,5.8135246E-8,2.6493943E-8,8.53646E-8,2.6493943E-8,4.51549127E-8,1.06293108E-7,6.86785526E-8,4.51549127E-8,1.00323938E-7,5.89890412E-8,5.89890412E-8,8.19331447E-8,8.59483222E-8,3.16532613E-8,1.48305503E-7,8.59483222E-8,3.16532613E-8],[2.96598515E-8,4.70823096E-8,5.04616047E-8,3.13002673E-8,8.69763852E-8,3.13002673E-8,4.81325664E-8,6.23170138E-8,1.07591838E-7,4.81325664E-8,9.6081E-8,5.14429139E-8,5.14429139E-8,9.00107153E-8,8.75493669E-8,3.57729881E-8,1.49239071E-7,8.75493669E-8,3.57729881E-8],[3.60051864E-8,5.13167677E-8,4.30340457E-8,3.7368082E-8,8.93395722E-8,3.7368082E-8,5.22820294E-8,1.09511049E-7,5.22820294E-8,5.6470931E-8,4.41806414E-8,9.23965047E-8,4.41806414E-8,9.81310677E-8,8.98974903E-8,4.11870538E-8,1.50628566E-7,8.98974903E-8,4.11870538E-8],[4.16666657E-9,6.34702459E-8,6.25E-8,1.08333333E-8,6.34702459E-8,1.08333333E-8,1.26735173E-7,8.89795544E-8,6.32949479E-8,8.89795544E-8,6.32949479E-8,7.08333303E-8,2.04294182E-8,1.26735173E-7,2.04294182E-8],[1.25E-8,6.45551E-8,5.41666658E-8,1.60078102E-8,6.45551E-8,1.60078102E-8,1.2728195E-7,8.33375E-8,5.50820083E-8,8.33375E-8,5.50820083E-8,7.91666679E-8,2.35849527E-8,1.2728195E-7,2.35849527E-8],[2.08333333E-8,6.66718734E-8,4.58333318E-8,2.31090418E-8,6.66718734E-8,2.31090418E-8,1.28368498E-7,7.817804E-8,4.69115591E-8,7.817804E-8,4.69115591E-8,8.75E-8,2.88795388E-8,1.28368498E-7,2.88795388E-8],[2.91666673E-8,6.97266458E-8,3.75E-8,3.08333341E-8,6.97266458E-8,3.08333341E-8,1.29981302E-7,7.36027275E-8,3.88104375E-8,7.36027275E-8,3.88104375E-8,9.58333359E-8,3.53651579E-8,1.29981302E-7,3.53651579E-8],[2.15183675E-8,8.45471746E-8,6.59691537E-8,2.37284663E-8,4.24273168E-8,2.37284663E-8,1.47836502E-7,6.67227766E-8,1.05057673E-7,6.67227766E-8,7.3912382E-8,8.5136513E-8,2.9377544E-8,1.0563776E-7,4.35898748E-8,4.35898748E-8,7.54252341E-8,8.5136513E-8,2.9377544E-8],[2.45342413E-8,8.53646E-8,5.8135246E-8,2.6493943E-8,4.40336905E-8,2.6493943E-8,1.48305503E-7,5.89890412E-8,1.00323938E-7,5.89890412E-8,8.19331447E-8,3.16532613E-8,8.59483222E-8,1.06293108E-7,4.51549127E-8,6.86785526E-8,4.51549127E-8,3.16532613E-8,8.59483222E-8],[2.96598515E-8,8.69763852E-8,5.04616047E-8,3.13002673E-8,4.70823096E-8,3.13002673E-8,1.49239071E-7,5.14429139E-8,9.6081E-8,5.14429139E-8,9.00107153E-8,3.57729881E-8,8.75493669E-8,4.81325664E-8,1.07591838E-7,6.23170138E-8,4.81325664E-8,3.57729881E-8,8.75493669E-8],[3.60051864E-8,8.93395722E-8,4.30340457E-8,3.7368082E-8,5.13167677E-8,3.7368082E-8,1.50628566E-7,9.23965047E-8,4.41806414E-8,5.6470931E-8,4.41806414E-8,9.81310677E-8,4.11870538E-8,8.98974903E-8,5.22820294E-8,1.09511049E-7,5.22820294E-8,4.11870538E-8,8.98974903E-8]],"Gain":[[-84.2034073,-99.9401321,-104.734039,-91.9526138,-105.359207,-91.9526138,-107.074936,-117.133606,-107.074936,-115.737556,-118.045776,-111.732704,-111.732704,-116.42157,-112.319542,-100.707535,-120.052856,-100.707535,-112.319542],[-85.3426743,-100.262924,-103.636009,-92.9101562,-105.44278,-92.9101562,-107.381325,-117.187325,-114.923645,-107.381325,-117.645317,-110.662651,-110.662651,-117.316414,-112.40197,-101.355591,-120.080368,-112.40197,-101.355591],[-86.9906,-100.844376,-102.406441,-94.3581848,-105.605247,-94.3581848,-107.936005,-114.079353,-117.292809,-107.936005,-117.269974,-109.473732,-109.473732,-118.13311,-112.562286,-102.418327,-120.134872,-112.562286,-102.418327],[-88.6745224,-101.592407,-101.023468,-95.8972397,-105.838097,-95.8972397,-108.654274,-117.446381,-108.654274,-113.223724,-108.151863,-116.930336,-108.151863,-118.883354,-112.792175,-103.642433,-120.21537,-112.792175,-103.642433],[-69.943,-103.438629,-104.264824,-85.1424637,-102.868629,-85.1424637,-118.715164,-116.603027,-111.274605,-117.173027,-111.274605,-116.051979,-97.5523453,-118.715164,-97.5523453],[-79.4854202,-103.585831,-103.021866,-88.5338593,-103.015831,-88.5338593,-118.752556,-116.034035,-110.067421,-116.604034,-110.067421,-117.018066,-98.7999191,-118.752556,-98.7999191],[-83.9223938,-103.866074,-101.570854,-91.7228622,-103.296074,-91.7228622,-118.826393,-115.47892,-108.672821,-116.04892,-108.672821,-117.887383,-100.559029,-118.826393,-100.559029],[-86.8449554,-104.255196,-99.8278503,-94.2276306,-103.685196,-94.2276306,-118.934837,-114.955101,-107.026192,-115.525101,-107.026192,-118.677551,-102.318733,-118.934837,-102.318733],[-84.2034073,-105.929207,-104.734039,-91.9526138,-99.3701324,-91.9526138,-120.052856,-111.732704,-118.615776,-111.732704,-116.42157,-112.889542,-100.707535,-117.133606,-106.504936,-106.504936,-115.167557,-112.889542,-100.707535],[-85.3426743,-106.012779,-103.636009,-92.9101562,-99.6929245,-92.9101562,-120.080368,-110.662651,-118.215317,-110.662651,-117.316414,-101.355591,-112.97197,-117.187325,-106.811325,-114.353645,-106.811325,-101.355591,-112.97197],[-86.9906,-106.175247,-102.406441,-94.3581848,-100.274376,-94.3581848,-120.134872,-109.473732,-117.839973,-109.473732,-118.13311,-102.418327,-113.132286,-107.366005,-117.292809,-113.509354,-107.366005,-102.418327,-113.132286],[-88.6745224,-106.408096,-101.023468,-95.8972397,-101.022408,-95.8972397,-120.21537,-117.500336,-108.151863,-112.653725,-108.151863,-118.883354,-103.642433,-113.362175,-108.084274,-117.446381,-108.084274,-103.642433,-113.362175]],"Phase":[[0,0,0,0,0,0,0,0,0,0,0,0,0,0,0,0,0,0,0],[0,0,0,0,0,0,0,0,0,0,0,0,0,0,0,0,0,0,0],[0,0,0,0,0,0,0,0,0,0,0,0,0,0,0,0,0,0,0],[0,0,0,0,0,0,0,0,0,0,0,0,0,0,0,0,0,0,0],[0,0,0,0,0,0,0,0,0,0,0,0,0,0,0],[0,0,0,0,0,0,0,0,0,0,0,0,0,0,0],[0,0,0,0,0,0,0,0,0,0,0,0,0,0,0],[0,0,0,0,0,0,0,0,0,0,0,0,0,0,0],[0,0,0,0,0,0,0,0,0,0,0,0,0,0,0,0,0,0,0],[0,0,0,0,0,0,0,0,0,0,0,0,0,0,0,0,0,0,0],[0,0,0,0,0,0,0,0,0,0,0,0,0,0,0,0,0,0,0],[0,0,0,0,0,0,0,0,0,0,0,0,0,0,0,0,0,0,0]],"AODEL":[[90,90,90,114.925201,90,65.0748,103.262405,90,76.7375946,90,90,81.3803864,98.6196136,90,96.7454453,132.905563,90,47.094429,83.2545547],[90,90,90,112.175491,90,67.8245087,102.794792,90,90,77.2052078,90,80.2399139,99.7600861,90,96.6814423,129.186478,90,83.3185577,50.8135223],[90,90,90,108.631851,90,71.3681488,101.991089,90,90,78.0089111,90,78.7908936,101.209106,90,96.5587082,123.992271,90,83.4412918,56.0077324],[90,90,90,105.52198,90,74.4780197,101.026924,90,78.9730759,90,103.081894,90,76.9181061,90,96.386673,119.051102,90,83.613327,60.9489],[90,90,90,157.380142,90,22.6198654,90,90,80.9097214,90,99.0902786,90,168.231705,90,11.7682886],[90,90,90,128.659805,90,51.3401909,90,90,79.5400925,90,100.459908,90,147.994614,90,32.0053825],[90,90,90,115.641006,90,64.3589935,90,90,77.6919861,90,102.308014,90,133.830856,90,46.1691399],[90,90,90,108.924644,90,71.0753555,90,90,75.0685806,90,104.931419,90,124.438988,90,55.5610123],[90,90,90,114.925201,90,65.0748,90,81.3803864,90,98.6196136,90,96.7454453,132.905563,90,103.262405,76.7375946,90,83.2545547,47.094429],[90,90,90,112.175491,90,67.8245087,90,80.2399139,90,99.7600861,90,129.186478,96.6814423,90,102.794792,90,77.2052078,50.8135223,83.3185577],[90,90,90,108.631851,90,71.3681488,90,78.7908936,90,101.209106,90,123.992271,96.5587082,101.991089,90,90,78.0089111,56.0077324,83.4412918],[90,90,90,105.52198,90,74.4780197,90,90,103.081894,90,76.9181061,90,119.051102,96.386673,101.026924,90,78.9730759,60.9489,83.613327]],"AODAZ":[[101.164879,264.364044,18.663826,101.164879,92.8248062,101.164879,264.364044,267.739502,264.364044,325.958801,53.4936867,18.663826,18.663826,163.403885,92.8248062,101.164879,91.6150513,101.164879,92.8248062],[120.63,253.508469,21.2930317,120.63,98.4201355,120.63,253.508469,263.246429,322.064056,253.508469,57.3219643,21.2930317,21.2930317,165.068588,98.4201355,120.63,94.834938,98.4201355,120.63],[134.62056,243.737305,24.7310829,134.62056,103.858719,134.62056,243.737305,317.348358,258.835114,243.737305,61.508522,24.7310829,24.7310829,166.435486,103.858719,134.62056,98.0245285,103.858719,134.62056],[144.102615,235.363693,29.3779,144.102615,109.054642,144.102615,235.363693,254.55368,235.363693,311.610138,29.3779,66.055,29.3779,167.576736,109.054642,144.102615,101.164879,109.054642,144.102615],[180,266.235962,0,180,93.7640381,180,268.115936,45.3794365,0,314.620575,0,180,180,91.8840485,180],[180,258.835114,0,180,101.164879,180,264.364044,49.4608498,0,310.539154,0,180,180,95.6359406,180],[180,251.791519,0,180,108.208481,180,260.659973,54.1073341,0,305.89267,0,180,180,99.3400269,180],[180,245.27269,0,180,114.727318,180,257.032928,59.3700027,0,300.63,0,180,180,102.967087,180],[258.835114,267.175201,341.336182,258.835114,95.6359406,258.835114,268.384949,341.336182,306.506317,341.336182,196.596115,267.175201,258.835114,92.2605057,95.6359406,95.6359406,34.0412102,267.175201,258.835114],[239.37,261.579865,338.70697,239.37,106.491524,239.37,265.16507,338.70697,302.67804,338.70697,194.931412,239.37,261.579865,96.7535706,106.491524,37.9359589,106.491524,239.37,261.579865],[225.37944,256.141266,335.268921,225.37944,116.262703,225.37944,261.975464,335.268921,298.491486,335.268921,193.564514,225.37944,256.141266,116.262703,101.164879,42.6516457,116.262703,225.37944,256.141266],[215.897385,250.945358,330.622101,215.897385,124.636307,215.897385,258.835114,293.945,330.622101,48.3898659,330.622101,192.423264,215.897385,250.945358,124.636307,105.44632,124.636307,215.897385,250.945358]],"AOAEL":[[90,90,90,114.925201,90,65.0748,103.262405,90,76.7375946,90,90,81.3803864,98.6196136,90,96.7454453,47.094429,90,132.905563,83.2545547],[90,90,90,112.175491,90,67.8245087,102.794792,90,90,77.2052078,90,80.2399139,99.7600861,90,96.6814423,50.8135223,90,83.3185577,129.186478],[90,90,90,108.631851,90,71.3681488,101.991089,90,90,78.0089111,90,78.7908936,101.209106,90,96.5587082,56.0077324,90,83.4412918,123.992271],[90,90,90,105.52198,90,74.4780197,101.026924,90,78.9730759,90,103.081894,90,76.9181061,90,96.386673,60.9489,90,83.613327,119.051102],[90,90,90,157.380142,90,22.6198654,90,90,80.9097214,90,99.0902786,90,11.7682886,90,168.231705],[90,90,90,128.659805,90,51.3401909,90,90,79.5400925,90,100.459908,90,32.0053825,90,147.994614],[90,90,90,115.641006,90,64.3589935,90,90,77.6919861,90,102.308014,90,46.1691399,90,133.830856],[90,90,90,108.924644,90,71.0753555,90,90,75.0685806,90,104.931419,90,55.5610123,90,124.438988],[90,90,90,114.925201,90,65.0748,90,81.3803864,90,98.6196136,90,96.7454453,47.094429,90,103.262405,76.7375946,90,83.2545547,132.905563],[90,90,90,112.175491,90,67.8245087,90,80.2399139,90,99.7600861,90,50.8135223,96.6814423,90,102.794792,90,77.2052078,129.186478,83.3185577],[90,90,90,108.631851,90,71.3681488,90,78.7908936,90,101.209106,90,56.0077324,96.5587082,101.991089,90,90,78.0089111,123.992271,83.4412918],[90,90,90,105.52198,90,74.4780197,90,90,103.081894,90,76.9181061,90,60.9489,96.386673,101.026924,90,78.9730759,119.051102,83.613327]],"AOAAZ":[[281.164886,275.635956,341.336182,281.164886,87.1751938,281.164886,275.635956,87.7394943,275.635956,325.958801,53.4936867,341.336182,341.336182,343.40387,87.1751938,281.164886,271.615051,281.164886,87.1751938],[300.63,286.491516,338.70697,300.63,81.5798645,300.63,286.491516,83.2464294,322.064056,286.491516,57.3219643,338.70697,338.70697,345.068573,81.5798645,300.63,274.83493,81.5798645,300.63],[314.620575,296.262695,335.268921,314.620575,76.1412811,314.620575,296.262695,317.348358,78.8351212,296.262695,61.508522,335.268921,335.268921,346.435486,76.1412811,314.620575,278.024536,76.1412811,314.620575],[324.102631,304.636322,330.622101,324.102631,70.9453583,324.102631,304.636322,74.5536804,304.636322,311.610138,330.622101,66.055,330.622101,347.576752,70.9453583,324.102631,281.164886,70.9453583,324.102631],[0,273.764038,0,0,86.2359619,0,88.1159515,45.3794365,0,314.620575,0,0,0,271.884064,0],[0,281.164886,0,0,78.8351212,0,84.3640594,49.4608498,0,310.539154,0,0,0,275.635956,0],[0,288.208496,0,0,71.7915192,0,80.6599731,54.1073341,0,305.89267,0,0,0,279.340027,0],[0,294.727325,0,0,65.2726822,0,77.0329132,59.3700027,0,300.63,0,0,0,282.967072,0],[78.8351212,272.824799,18.663826,78.8351212,84.3640594,78.8351212,88.3849487,18.663826,306.506317,18.663826,16.5961208,272.824799,78.8351212,272.260498,84.3640594,84.3640594,34.0412102,272.824799,78.8351212],[59.3700027,278.420135,21.2930317,59.3700027,73.5084763,59.3700027,85.165062,21.2930317,302.67804,21.2930317,14.9314175,59.3700027,278.420135,276.753571,73.5084763,37.9359589,73.5084763,59.3700027,278.420135],[45.3794365,283.858734,24.7310829,45.3794365,63.7372971,45.3794365,81.9754715,24.7310829,298.491486,24.7310829,13.5645075,45.3794365,283.858734,63.7372971,281.164886,42.6516457,63.7372971,45.3794365,283.858734],[35.897377,289.054657,29.3779,35.897377,55.3636932,35.897377,78.8351212,293.945,29.3779,48.3898659,29.3779,12.4232588,35.897377,289.054657,55.3636932,285.44632,55.3636932,35.897377,289.054657]]}
