{"TX":0,"RX":1,"PAA_TX":0,"PAA_RX":0,"Delay":[[2.45342413E-8,4.40336905E-8,5.04616047E-8,2.96598515E-8,2.6493943E-8,8.53646E-8,2.6493943E-8,6.23170138E-8,4.51549127E-8,1.06293108E-7,4.51549127E-8,8.19331447E-8,4.70823096E-8,5.8135246E-8,3.13002673E-8,8.69763852E-8,3.13002673E-8,8.59483222E-8,3.16532613E-8,5.14429139E-8,1.48305503E-7,9.6081E-8,3.16532613E-8,8.59483222E-8,5.14429139E-8],[2.15183675E-8,4.24273168E-8,4.30340457E-8,3.60051864E-8,2.37284663E-8,8.45471746E-8,2.37284663E-8,5.13167677E-8,4.35898748E-8,1.0563776E-7,5.6470931E-8,4.35898748E-8,9.23965047E-8,7.3912382E-8,8.93395722E-8,3.7368082E-8,6.59691537E-8,3.7368082E-8,8.5136513E-8,4.41806414E-8,2.9377544E-8,1.47836502E-7,8.5136513E-8,4.41806414E-8,2.9377544E-8],[2.15183675E-8,4.24273168E-8,3.60051864E-8,4.30340457E-8,2.37284663E-8,8.45471746E-8,2.37284663E-8,5.6470931E-8,4.35898748E-8,5.13167677E-8,1.0563776E-7,4.35898748E-8,8.93395722E-8,3.7368082E-8,6.59691537E-8,3.7368082E-8,9.23965047E-8,7.3912382E-8,4.41806414E-8,8.5136513E-8,2.9377544E-8,1.47836502E-7,4.41806414E-8,8.5136513E-8,2.9377544E-8],[2.45342413E-8,4.40336905E-8,2.96598515E-8,5.04616047E-8,2.6493943E-8,8.53646E-8,2.6493943E-8,6.23170138E-8,4.51549127E-8,1.06293108E-7,4.51549127E-8,4.70823096E-8,5.8135246E-8,3.13002673E-8,8.69763852E-8,3.13002673E-8,8.19331447E-8,5.14429139E-8,8.59483222E-8,3.16532613E-8,9.6081E-8,1.48305503E-7,5.14429139E-8,8.59483222E-8,3.16532613E-8],[1.25E-8,6.45551E-8,4.58333318E-8,2.08333333E-8,1.60078102E-8,6.45551E-8,1.60078102E-8,1.2728195E-7,7.817804E-8,7.91666679E-8,5.41666658E-8,6.66718734E-8,2.31090418E-8,6.66718734E-8,2.31090418E-8,2.35849527E-8,4.69115591E-8,1.2728195E-7,7.817804E-8,2.35849527E-8,4.69115591E-8],[4.16666657E-9,6.34702459E-8,3.75E-8,2.91666673E-8,1.08333333E-8,6.34702459E-8,1.08333333E-8,1.26735173E-7,7.36027275E-8,7.08333303E-8,6.25E-8,6.97266458E-8,3.08333341E-8,6.97266458E-8,3.08333341E-8,2.04294182E-8,3.88104375E-8,1.26735173E-7,7.36027275E-8,2.04294182E-8,3.88104375E-8],[4.16666657E-9,6.34702459E-8,2.91666673E-8,3.75E-8,1.08333333E-8,6.34702459E-8,1.08333333E-8,7.36027275E-8,1.26735173E-7,6.25E-8,6.97266458E-8,3.08333341E-8,6.97266458E-8,3.08333341E-8,7.08333303E-8,3.88104375E-8,2.04294182E-8,7.36027275E-8,1.26735173E-7,3.88104375E-8,2.04294182E-8],[1.25E-8,6.45551E-8,2.08333333E-8,4.58333318E-8,1.60078102E-8,6.45551E-8,1.60078102E-8,7.817804E-8,1.2728195E-7,5.41666658E-8,6.66718734E-8,2.31090418E-8,6.66718734E-8,2.31090418E-8,7.91666679E-8,4.69115591E-8,2.35849527E-8,7.817804E-8,1.2728195E-7,4.69115591E-8,2.35849527E-8],[2.45342413E-8,8.53646E-8,5.04616047E-8,2.96598515E-8,2.6493943E-8,4.40336905E-8,2.6493943E-8,1.48305503E-7,9.6081E-8,8.19331447E-8,8.69763852E-8,5.8135246E-8,3.13002673E-8,4.70823096E-8,3.13002673E-8,3.16532613E-8,8.59483222E-8,5.14429139E-8,1.06293108E-7,6.23170138E-8,4.51549127E-8,4.51549127E-8,3.16532613E-8,8.59483222E-8,5.14429139E-8],[2.15183675E-8,8.45471746E-8,4.30340457E-8,3.60051864E-8,2.37284663E-8,4.24273168E-8,2.37284663E-8,1.47836502E-7,7.3912382E-8,9.23965047E-8,6.59691537E-8,3.7368082E-8,8.93395722E-8,3.7368082E-8,2.9377544E-8,8.5136513E-8,4.41806414E-8,1.0563776E-7,5.13167677E-8,4.35898748E-8,5.6470931E-8,4.35898748E-8,2.9377544E-8,8.5136513E-8,4.41806414E-8],[2.15183675E-8,8.45471746E-8,3.60051864E-8,4.30340457E-8,2.37284663E-8,4.24273168E-8,2.37284663E-8,1.47836502E-7,6.59691537E-8,3.7368082E-8,8.93395722E-8,3.7368082E-8,7.3912382E-8,9.23965047E-8,4.41806414E-8,2.9377544E-8,8.5136513E-8,5.6470931E-8,4.35898748E-8,1.0563776E-7,5.13167677E-8,4.35898748E-8,4.41806414E-8,2.9377544E-8,8.5136513E-8],[2.45342413E-8,8.53646E-8,2.96598515E-8,5.04616047E-8,2.6493943E-8,4.40336905E-8,2.6493943E-8,9.6081E-8,1.48305503E-7,8.69763852E-8,5.8135246E-8,3.13002673E-8,4.70823096E-8,3.13002673E-8,8.19331447E-8,5.14429139E-8,8.59483222E-8,3.16532613E-8,1.06293108E-7,6.23170138E-8,4.51549127E-8,4.51549127E-8,5.14429139E-8,8.59483222E-8,3.16532613E-8]],"Gain":[[-85.3426743,-100.262924,-102.406441,-97.6906052,-92.9101562,-105.44278,-92.9101562,-114.079353,-107.381325,-117.187325,-107.381325,-117.316414,-111.54438,-114.336014,-105.058182,-116.305252,-105.058182,-112.40197,-101.355591,-109.473732,-120.080368,-117.269974,-101.355591,-112.40197,-109.473732],[-84.2034073,-99.9401321,-101.023468,-99.374527,-91.9526138,-105.359207,-91.9526138,-112.292404,-107.074936,-117.133606,-113.223724,-107.074936,-116.930336,-116.42157,-116.538101,-106.597237,-115.434044,-106.597237,-112.319542,-108.151863,-100.707535,-120.052856,-112.319542,-108.151863,-100.707535],[-84.2034073,-99.9401321,-99.4745255,-100.923462,-91.9526138,-105.359207,-91.9526138,-113.123718,-107.074936,-112.39241,-117.133606,-107.074936,-116.6381,-106.697235,-115.434044,-106.697235,-116.83033,-116.42157,-108.051865,-112.319542,-100.707535,-120.052856,-108.051865,-112.319542,-100.707535],[-85.3426743,-100.262924,-97.7906,-102.306442,-92.9101562,-105.44278,-92.9101562,-113.979355,-107.381325,-117.187325,-107.381325,-111.644379,-114.336014,-105.15818,-116.405251,-105.15818,-117.316414,-109.373734,-112.40197,-101.355591,-117.169975,-120.080368,-109.373734,-112.40197,-101.355591],[-79.4854202,-103.585831,-101.570854,-94.6224,-88.5338593,-103.015831,-88.5338593,-118.752556,-116.04892,-117.018066,-113.721863,-113.996078,-102.422859,-114.566078,-102.422859,-98.7999191,-108.672821,-118.752556,-115.47892,-98.7999191,-108.672821],[-69.943,-103.438629,-99.8278503,-97.54496,-85.1424637,-102.868629,-85.1424637,-118.715164,-115.525101,-116.051979,-114.964821,-114.385201,-104.927635,-114.9552,-104.927635,-97.5523453,-107.026192,-118.715164,-114.955101,-97.5523453,-107.026192],[-69.943,-103.438629,-97.6449585,-99.7278442,-85.1424637,-102.868629,-85.1424637,-115.425102,-118.715164,-114.964821,-114.485199,-105.027634,-115.055199,-105.027634,-116.051979,-106.926193,-97.5523453,-114.855103,-118.715164,-106.926193,-97.5523453],[-79.4854202,-103.585831,-94.7224,-101.470848,-88.5338593,-103.015831,-88.5338593,-115.948921,-118.752556,-113.721863,-114.096077,-102.522858,-114.666077,-102.522858,-117.018066,-108.572823,-98.7999191,-115.378914,-118.752556,-108.572823,-98.7999191],[-85.3426743,-106.012779,-102.406441,-97.6906052,-92.9101562,-99.6929245,-92.9101562,-120.080368,-117.839973,-117.316414,-116.875252,-114.336014,-105.058182,-110.97438,-105.058182,-101.355591,-112.97197,-109.473732,-117.187325,-113.509354,-106.811325,-106.811325,-101.355591,-112.97197,-109.473732],[-84.2034073,-105.929207,-101.023468,-99.374527,-91.9526138,-99.3701324,-91.9526138,-120.052856,-116.42157,-117.500336,-115.434044,-106.597237,-117.108101,-106.597237,-100.707535,-112.889542,-108.151863,-117.133606,-111.722404,-106.504936,-112.653725,-106.504936,-100.707535,-112.889542,-108.151863],[-84.2034073,-105.929207,-99.4745255,-100.923462,-91.9526138,-99.3701324,-91.9526138,-120.052856,-115.434044,-106.697235,-117.208099,-106.697235,-116.42157,-117.40033,-108.051865,-100.707535,-112.889542,-112.553719,-106.504936,-117.133606,-111.822411,-106.504936,-108.051865,-100.707535,-112.889542],[-85.3426743,-106.012779,-97.7906,-102.306442,-92.9101562,-99.6929245,-92.9101562,-117.739975,-120.080368,-116.97525,-114.336014,-105.15818,-111.074379,-105.15818,-117.316414,-109.373734,-112.97197,-101.355591,-117.187325,-113.409355,-106.811325,-106.811325,-109.373734,-112.97197,-101.355591]],"Phase":[[0,0,0,0,0,0,0,0,0,0,0,0,0,0,0,0,0,0,0,0,0,0,0,0,0],[0,0,0,0,0,0,0,0,0,0,0,0,0,0,0,0,0,0,0,0,0,0,0,0,0],[0,0,0,0,0,0,0,0,0,0,0,0,0,0,0,0,0,0,0,0,0,0,0,0,0],[0,0,0,0,0,0,0,0,0,0,0,0,0,0,0,0,0,0,0,0,0,0,0,0,0],[0,0,0,0,0,0,0,0,0,0,0,0,0,0,0,0,0,0,0,0,0],[0,0,0,0,0,0,0,0,0,0,0,0,0,0,0,0,0,0,0,0,0],[0,0,0,0,0,0,0,0,0,0,0,0,0,0,0,0,0,0,0,0,0],[0,0,0,0,0,0,0,0,0,0,0,0,0,0,0,0,0,0,0,0,0],[0,0,0,0,0,0,0,0,0,0,0,0,0,0,0,0,0,0,0,0,0,0,0,0,0],[0,0,0,0,0,0,0,0,0,0,0,0,0,0,0,0,0,0,0,0,0,0,0,0,0],[0,0,0,0,0,0,0,0,0,0,0,0,0,0,0,0,0,0,0,0,0,0,0,0,0],[0,0,0,0,0,0,0,0,0,0,0,0,0,0,0,0,0,0,0,0,0,0,0,0,0]],"AODEL":[[90,90,90,90,112.175491,90,67.8245087,90,102.794792,90,77.2052078,90,90,90,108.631851,90,71.3681488,96.6814423,50.8135223,101.209106,90,90,129.186478,83.3185577,78.7908936],[90,90,90,90,114.925201,90,65.0748,90,103.262405,90,90,76.7375946,90,90,90,74.4780197,90,105.52198,96.7454453,103.081894,47.094429,90,83.2545547,76.9181061,132.905563],[90,90,90,90,114.925201,90,65.0748,90,103.262405,90,90,76.7375946,90,74.4780197,90,105.52198,90,90,103.081894,96.7454453,47.094429,90,76.9181061,83.2545547,132.905563],[90,90,90,90,112.175491,90,67.8245087,90,102.794792,90,77.2052078,90,90,108.631851,90,71.3681488,90,101.209106,96.6814423,50.8135223,90,90,78.7908936,83.3185577,129.186478],[90,90,90,90,128.659805,90,51.3401909,90,90,90,90,90,64.3589935,90,115.641006,32.0053825,102.308014,90,90,147.994614,77.6919861],[90,90,90,90,157.380142,90,22.6198654,90,90,90,90,90,71.0753555,90,108.924644,11.7682886,104.931419,90,90,168.231705,75.0685806],[90,90,90,90,157.380142,90,22.6198654,90,90,90,90,71.0753555,90,108.924644,90,104.931419,11.7682886,90,90,75.0685806,168.231705],[90,90,90,90,128.659805,90,51.3401909,90,90,90,90,64.3589935,90,115.641006,90,102.308014,32.0053825,90,90,77.6919861,147.994614],[90,90,90,90,112.175491,90,67.8245087,90,90,90,90,90,108.631851,90,71.3681488,50.8135223,96.6814423,101.209106,90,90,102.794792,77.2052078,129.186478,83.3185577,78.7908936],[90,90,90,90,114.925201,90,65.0748,90,90,90,90,74.4780197,90,105.52198,47.094429,96.7454453,103.081894,90,90,103.262405,90,76.7375946,132.905563,83.2545547,76.9181061],[90,90,90,90,114.925201,90,65.0748,90,90,74.4780197,90,105.52198,90,90,103.081894,47.094429,96.7454453,90,103.262405,90,90,76.7375946,76.9181061,132.905563,83.2545547],[90,90,90,90,112.175491,90,67.8245087,90,90,90,90,108.631851,90,71.3681488,90,101.209106,96.6814423,50.8135223,90,90,102.794792,77.2052078,78.7908936,83.3185577,129.186478]],"AODAZ":[[239.37,253.508469,335.268921,225.37944,239.37,98.4201355,239.37,317.348358,253.508469,96.7535706,253.508469,194.931412,243.737305,338.70697,225.37944,103.858719,225.37944,98.4201355,239.37,335.268921,265.16507,61.508522,239.37,98.4201355,335.268921],[258.835114,264.364044,330.622101,215.897385,258.835114,92.8248062,258.835114,235.363693,264.364044,92.2605057,311.610138,264.364044,66.055,196.596115,109.054642,215.897385,341.336182,215.897385,92.8248062,330.622101,258.835114,268.384949,92.8248062,330.622101,258.835114],[281.164886,275.635956,324.102631,209.377899,281.164886,87.1751938,281.164886,228.389862,275.635956,304.636322,87.7394943,275.635956,70.9453583,324.102631,198.663818,324.102631,113.945,343.40387,209.377899,87.1751938,281.164886,271.615051,209.377899,87.1751938,281.164886],[300.63,286.491516,314.620575,204.731079,300.63,81.5798645,300.63,222.651642,286.491516,83.2464294,286.491516,296.262695,201.29303,314.620575,76.1412811,314.620575,345.068573,204.731079,81.5798645,300.63,118.491478,274.83493,204.731079,81.5798645,300.63],[180,258.835114,0,180,180,101.164879,180,95.6359406,305.89267,180,0,108.208481,180,251.791519,180,180,0,264.364044,54.1073341,180,0],[180,266.235962,0,180,180,93.7640381,180,91.8840485,300.63,180,0,114.727318,180,245.27269,180,180,0,268.115936,59.3700027,180,0],[0,273.764038,0,180,0,86.2359619,0,239.37,88.1159515,180,65.2726822,0,294.727325,0,0,180,0,120.63,271.884064,180,0],[0,281.164886,0,180,0,78.8351212,0,234.10733,84.3640594,180,71.7915192,0,288.208496,0,0,180,0,125.892662,275.635956,180,0],[120.63,261.579865,24.7310829,134.62056,120.63,106.491524,120.63,94.834938,298.491486,165.068588,256.141266,21.2930317,134.62056,116.262703,134.62056,120.63,261.579865,24.7310829,263.246429,42.6516457,106.491524,106.491524,120.63,261.579865,24.7310829],[101.164879,267.175201,29.3779,144.102615,101.164879,95.6359406,101.164879,91.6150513,163.403885,293.945,18.663826,144.102615,250.945358,144.102615,101.164879,267.175201,29.3779,267.739502,124.636307,95.6359406,48.3898659,95.6359406,101.164879,267.175201,29.3779],[78.8351212,272.824799,35.897377,150.622101,78.8351212,84.3640594,78.8351212,88.3849487,161.336182,35.897377,289.054657,35.897377,16.5961208,246.055008,150.622101,78.8351212,272.824799,131.610138,84.3640594,272.260498,55.3636932,84.3640594,150.622101,78.8351212,272.824799],[59.3700027,278.420135,45.3794365,155.268921,59.3700027,73.5084763,59.3700027,241.508514,85.165062,283.858734,158.70697,45.3794365,63.7372971,45.3794365,14.9314175,155.268921,278.420135,59.3700027,276.753571,137.348358,73.5084763,73.5084763,155.268921,278.420135,59.3700027]],"AOAEL":[[90,90,90,90,112.175491,90,67.8245087,90,102.794792,90,77.2052078,90,90,90,108.631851,90,71.3681488,96.6814423,129.186478,101.209106,90,90,50.8135223,83.3185577,78.7908936],[90,90,90,90,114.925201,90,65.0748,90,103.262405,90,90,76.7375946,90,90,90,74.4780197,90,105.52198,96.7454453,103.081894,132.905563,90,83.2545547,76.9181061,47.094429],[90,90,90,90,114.925201,90,65.0748,90,103.262405,90,90,76.7375946,90,74.4780197,90,105.52198,90,90,103.081894,96.7454453,132.905563,90,76.9181061,83.2545547,47.094429],[90,90,90,90,112.175491,90,67.8245087,90,102.794792,90,77.2052078,90,90,108.631851,90,71.3681488,90,101.209106,96.6814423,129.186478,90,90,78.7908936,83.3185577,50.8135223],[90,90,90,90,128.659805,90,51.3401909,90,90,90,90,90,64.3589935,90,115.641006,147.994614,102.308014,90,90,32.0053825,77.6919861],[90,90,90,90,157.380142,90,22.6198654,90,90,90,90,90,71.0753555,90,108.924644,168.231705,104.931419,90,90,11.7682886,75.0685806],[90,90,90,90,157.380142,90,22.6198654,90,90,90,90,71.0753555,90,108.924644,90,104.931419,168.231705,90,90,75.0685806,11.7682886],[90,90,90,90,128.659805,90,51.3401909,90,90,90,90,64.3589935,90,115.641006,90,102.308014,147.994614,90,90,77.6919861,32.0053825],[90,90,90,90,112.175491,90,67.8245087,90,90,90,90,90,108.631851,90,71.3681488,129.186478,96.6814423,101.209106,90,90,102.794792,77.2052078,50.8135223,83.3185577,78.7908936],[90,90,90,90,114.925201,90,65.0748,90,90,90,90,74.4780197,90,105.52198,132.905563,96.7454453,103.081894,90,90,103.262405,90,76.7375946,47.094429,83.2545547,76.9181061],[90,90,90,90,114.925201,90,65.0748,90,90,74.4780197,90,105.52198,90,90,103.081894,132.905563,96.7454453,90,103.262405,90,90,76.7375946,76.9181061,47.094429,83.2545547],[90,90,90,90,112.175491,90,67.8245087,90,90,90,90,108.631851,90,71.3681488,90,101.209106,96.6814423,129.186478,90,90,102.794792,77.2052078,78.7908936,83.3185577,50.8135223]],"AOAAZ":[[59.3700027,286.491516,24.7310829,134.62056,59.3700027,81.5798645,59.3700027,317.348358,286.491516,276.753571,286.491516,14.9314175,243.737305,158.70697,134.62056,103.858719,134.62056,81.5798645,59.3700027,24.7310829,85.165062,61.508522,59.3700027,81.5798645,24.7310829],[78.8351212,275.635956,29.3779,144.102615,78.8351212,87.1751938,78.8351212,235.363693,275.635956,272.260498,311.610138,275.635956,66.055,16.5961208,109.054642,144.102615,161.336182,144.102615,87.1751938,29.3779,78.8351212,88.3849487,87.1751938,29.3779,78.8351212],[101.164879,264.364044,35.897377,150.622101,101.164879,92.8248062,101.164879,228.389862,264.364044,304.636322,267.739502,264.364044,70.9453583,35.897377,18.663826,35.897377,113.945,163.403885,150.622101,92.8248062,101.164879,91.6150513,150.622101,92.8248062,101.164879],[120.63,253.508469,45.3794365,155.268921,120.63,98.4201355,120.63,222.651642,253.508469,263.246429,253.508469,296.262695,21.2930317,45.3794365,76.1412811,45.3794365,165.068588,155.268921,98.4201355,120.63,118.491478,94.834938,155.268921,98.4201355,120.63],[0,281.164886,0,180,0,78.8351212,0,275.635956,305.89267,0,180,108.208481,180,251.791519,180,0,0,84.3640594,54.1073341,0,0],[0,273.764038,0,180,0,86.2359619,0,271.884064,300.63,0,180,114.727318,180,245.27269,180,0,0,88.1159515,59.3700027,0,0],[180,266.235962,0,180,180,93.7640381,180,239.37,268.115936,0,65.2726822,0,294.727325,0,180,180,180,120.63,91.8840485,180,180],[180,258.835114,0,180,180,101.164879,180,234.10733,264.364044,0,71.7915192,0,288.208496,0,180,180,180,125.892662,95.6359406,180,180],[300.63,278.420135,335.268921,225.37944,300.63,73.5084763,300.63,274.83493,298.491486,345.068573,256.141266,201.29303,225.37944,116.262703,225.37944,300.63,278.420135,335.268921,83.2464294,42.6516457,73.5084763,73.5084763,300.63,278.420135,335.268921],[281.164886,272.824799,330.622101,215.897385,281.164886,84.3640594,281.164886,271.615051,343.40387,293.945,198.663818,215.897385,250.945358,215.897385,281.164886,272.824799,330.622101,87.7394943,124.636307,84.3640594,48.3898659,84.3640594,281.164886,272.824799,330.622101],[258.835114,267.175201,324.102631,209.377899,258.835114,95.6359406,258.835114,268.384949,341.336182,324.102631,289.054657,324.102631,196.596115,246.055008,209.377899,258.835114,267.175201,131.610138,95.6359406,92.2605057,55.3636932,95.6359406,209.377899,258.835114,267.175201],[239.37,261.579865,314.620575,204.731079,239.37,106.491524,239.37,241.508514,265.16507,283.858734,338.70697,314.620575,63.7372971,314.620575,194.931412,204.731079,261.579865,239.37,96.7535706,137.348358,106.491524,106.491524,204.731079,261.579865,239.37]]}
{"TX":1,"RX":0,"PAA_TX":0,"PAA_RX":0,"Delay":[[2.45342413E-8,4.40336905E-8,5.04616047E-8,2.96598515E-8,2.6493943E-8,8.53646E-8,2.6493943E-8,6.23170138E-8,4.51549127E-8,1.06293108E-7,4.51549127E-8,8.19331447E-8,4.70823096E-8,5.8135246E-8,3.13002673E-8,8.69763852E-8,3.13002673E-8,8.59483222E-8,3.16532613E-8,5.14429139E-8,1.48305503E-7,9.6081E-8,3.16532613E-8,8.59483222E-8,5.14429139E-8],[2.15183675E-8,4.24273168E-8,4.30340457E-8,3.60051864E-8,2.37284663E-8,8.45471746E-8,2.37284663E-8,5.13167677E-8,4.35898748E-8,1.0563776E-7,5.6470931E-8,4.35898748E-8,9.23965047E-8,7.3912382E-8,8.93395722E-8,3.7368082E-8,6.59691537E-8,3.7368082E-8,8.5136513E-8,4.41806414E-8,2.9377544E-8,1.47836502E-7,8.5136513E-8,4.41806414E-8,2.9377544E-8],[2.15183675E-8,4.24273168E-8,3.60051864E-8,4.30340457E-8,2.37284663E-8,8.45471746E-8,2.37284663E-8,5.6470931E-8,4.35898748E-8,5.13167677E-8,1.0563776E-7,4.35898748E-8,8.93395722E-8,3.7368082E-8,6.59691537E-8,3.7368082E-8,9.23965047E-8,7.3912382E-8,4.41806414E-8,8.5136513E-8,2.9377544E-8,1.47836502E-7,4.41806414E-8,8.5136513E-8,2.9377544E-8],[2.45342413E-8,4.40336905E-8,2.96598515E-8,5.04616047E-8,2.6493943E-8,8.53646E-8,2.6493943E-8,6.23170138E-8,4.51549127E-8,1.06293108E-7,4.51549127E-8,4.70823096E-8,5.8135246E-8,3.13002673E-8,8.69763852E-8,3.13002673E-8,8.19331447E-8,5.14429139E-8,8.59483222E-8,3.16532613E-8,9.6081E-8,1.48305503E-7,5.14429139E-8,8.59483222E-8,3.16532613E-8],[1.25E-8,6.45551E-8,4.58333318E-8,2.08333333E-8,1.60078102E-8,6.45551E-8,1.60078102E-8,1.2728195E-7,7.817804E-8,7.91666679E-8,5.41666658E-8,6.66718734E-8,2.31090418E-8,6.66718734E-8,2.31090418E-8,2.35849527E-8,4.69115591E-8,1.2728195E-7,7.817804E-8,2.35849527E-8,4.69115591E-8],[4.16666657E-9,6.34702459E-8,3.75E-8,2.91666673E-8,1.08333333E-8,6.34702459E-8,1.08333333E-8,1.26735173E-7,7.36027275E-8,7.08333303E-8,6.25E-8,6.97266458E-8,3.08333341E-8,6.97266458E-8,3.08333341E-8,2.04294182E-8,3.88104375E-8,1.26735173E-7,7.36027275E-8,2.04294182E-8,3.88104375E-8],[4.16666657E-9,6.34702459E-8,2.91666673E-8,3.75E-8,1.08333333E-8,6.34702459E-8,1.08333333E-8,7.36027275E-8,1.26735173E-7,6.25E-8,6.97266458E-8,3.08333341E-8,6.97266458E-8,3.08333341E-8,7.08333303E-8,3.88104375E-8,2.04294182E-8,7.36027275E-8,1.26735173E-7,3.88104375E-8,2.04294182E-8],[1.25E-8,6.45551E-8,2.08333333E-8,4.58333318E-8,1.60078102E-8,6.45551E-8,1.60078102E-8,7.817804E-8,1.2728195E-7,5.41666658E-8,6.66718734E-8,2.31090418E-8,6.66718734E-8,2.31090418E-8,7.91666679E-8,4.69115591E-8,2.35849527E-8,7.817804E-8,1.2728195E-7,4.69115591E-8,2.35849527E-8],[2.45342413E-8,8.53646E-8,5.04616047E-8,2.96598515E-8,2.6493943E-8,4.40336905E-8,2.6493943E-8,1.48305503E-7,9.6081E-8,8.19331447E-8,8.69763852E-8,5.8135246E-8,3.13002673E-8,4.70823096E-8,3.13002673E-8,3.16532613E-8,8.59483222E-8,5.14429139E-8,1.06293108E-7,6.23170138E-8,4.51549127E-8,4.51549127E-8,3.16532613E-8,8.59483222E-8,5.14429139E-8],[2.15183675E-8,8.45471746E-8,4.30340457E-8,3.60051864E-8,2.37284663E-8,4.24273168E-8,2.37284663E-8,1.47836502E-7,7.3912382E-8,9.23965047E-8,6.59691537E-8,3.7368082E-8,8.93395722E-8,3.7368082E-8,2.9377544E-8,8.5136513E-8,4.41806414E-8,1.0563776E-7,5.13167677E-8,4.35898748E-8,5.6470931E-8,4.35898748E-8,2.9377544E-8,8.5136513E-8,4.41806414E-8],[2.15183675E-8,8.45471746E-8,3.60051864E-8,4.30340457E-8,2.37284663E-8,4.24273168E-8,2.37284663E-8,1.47836502E-7,6.59691537E-8,3.7368082E-8,8.93395722E-8,3.7368082E-8,7.3912382E-8,9.23965047E-8,4.41806414E-8,2.9377544E-8,8.5136513E-8,5.6470931E-8,4.35898748E-8,1.0563776E-7,5.13167677E-8,4.35898748E-8,4.41806414E-8,2.9377544E-8,8.5136513E-8],[2.45342413E-8,8.53646E-8,2.96598515E-8,5.04616047E-8,2.6493943E-8,4.40336905E-8,2.6493943E-8,9.6081E-8,1.48305503E-7,8.69763852E-8,5.8135246E-8,3.13002673E-8,4.70823096E-8,3.13002673E-8,8.19331447E-8,5.14429139E-8,8.59483222E-8,3.16532613E-8,1.06293108E-7,6.23170138E-8,4.51549127E-8,4.51549127E-8,5.14429139E-8,8.59483222E-8,3.16532613E-8]],"Gain":[[-85.3426743,-100.262924,-102.406441,-97.6906052,-92.9101562,-105.44278,-92.9101562,-114.079353,-107.381325,-117.187325,-107.381325,-117.316414,-111.54438,-114.336014,-105.058182,-116.305252,-105.058182,-112.40197,-101.355591,-109.473732,-120.080368,-117.269974,-101.355591,-112.40197,-109.473732],[-84.2034073,-99.9401321,-101.023468,-99.374527,-91.9526138,-105.359207,-91.9526138,-112.292404,-107.074936,-117.133606,-113.223724,-107.074936,-116.930336,-116.42157,-116.538101,-106.597237,-115.434044,-106.597237,-112.319542,-108.151863,-100.707535,-120.052856,-112.319542,-108.151863,-100.707535],[-84.2034073,-99.9401321,-99.4745255,-100.923462,-91.9526138,-105.359207,-91.9526138,-113.123718,-107.074936,-112.39241,-117.133606,-107.074936,-116.6381,-106.697235,-115.434044,-106.697235,-116.83033,-116.42157,-108.051865,-112.319542,-100.707535,-120.052856,-108.051865,-112.319542,-100.707535],[-85.3426743,-100.262924,-97.7906,-102.306442,-92.9101562,-105.44278,-92.9101562,-113.979355,-107.381325,-117.187325,-107.381325,-111.644379,-114.336014,-105.15818,-116.405251,-105.15818,-117.316414,-109.373734,-112.40197,-101.355591,-117.169975,-120.080368,-109.373734,-112.40197,-101.355591],[-79.4854202,-103.585831,-101.570854,-94.6224,-88.5338593,-103.015831,-88.5338593,-118.752556,-116.04892,-117.018066,-113.721863,-113.996078,-102.422859,-114.566078,-102.422859,-98.7999191,-108.672821,-118.752556,-115.47892,-98.7999191,-108.672821],[-69.943,-103.438629,-99.8278503,-97.54496,-85.1424637,-102.868629,-85.1424637,-118.715164,-115.525101,-116.051979,-114.964821,-114.385201,-104.927635,-114.9552,-104.927635,-97.5523453,-107.026192,-118.715164,-114.955101,-97.5523453,-107.026192],[-69.943,-103.438629,-97.6449585,-99.7278442,-85.1424637,-102.868629,-85.1424637,-115.425102,-118.715164,-114.964821,-114.485199,-105.027634,-115.055199,-105.027634,-116.051979,-106.926193,-97.5523453,-114.855103,-118.715164,-106.926193,-97.5523453],[-79.4854202,-103.585831,-94.7224,-101.470848,-88.5338593,-103.015831,-88.5338593,-115.948921,-118.752556,-113.721863,-114.096077,-102.522858,-114.666077,-102.522858,-117.018066,-108.572823,-98.7999191,-115.378914,-118.752556,-108.572823,-98.7999191],[-85.3426743,-106.012779,-102.406441,-97.6906052,-92.9101562,-99.6929245,-92.9101562,-120.080368,-117.839973,-117.316414,-116.875252,-114.336014,-105.058182,-110.97438,-105.058182,-101.355591,-112.97197,-109.473732,-117.187325,-113.509354,-106.811325,-106.811325,-101.355591,-112.97197,-109.473732],[-84.2034073,-105.929207,-101.023468,-99.374527,-91.9526138,-99.3701324,-91.9526138,-120.052856,-116.42157,-117.500336,-115.434044,-106.597237,-117.108101,-106.597237,-100.707535,-112.889542,-108.151863,-117.133606,-111.722404,-106.504936,-112.653725,-106.504936,-100.707535,-112.889542,-108.151863],[-84.2034073,-105.929207,-99.4745255,-100.923462,-91.9526138,-99.3701324,-91.9526138,-120.052856,-115.434044,-106.697235,-117.208099,-106.697235,-116.42157,-117.40033,-108.051865,-100.707535,-112.889542,-112.553719,-106.504936,-117.133606,-111.822411,-106.504936,-108.051865,-100.707535,-112.889542],[-85.3426743,-106.012779,-97.7906,-102.306442,-92.9101562,-99.6929245,-92.9101562,-117.739975,-120.080368,-116.97525,-114.336014,-105.15818,-111.074379,-105.15818,-117.316414,-109.373734,-112.97197,-101.355591,-117.187325,-113.409355,-106.811325,-106.811325,-109.373734,-112.97197,-101.355591]],"Phase":[[0,0,0,0,0,0,0,0,0,0,0,0,0,0,0,0,0,0,0,0,0,0,0,0,0],[0,0,0,0,0,0,0,0,0,0,0,0,0,0,0,0,0,0,0,0,0,0,0,0,0],[0,0,0,0,0,0,0,0,0,0,0,0,0,0,0,0,0,0,0,0,0,0,0,0,0],[0,0,0,0,0,0,0,0,0,0,0,0,0,0,0,0,0,0,0,0,0,0,0,0,0],[0,0,0,0,0,0,0,0,0,0,0,0,0,0,0,0,0,0,0,0,0],[0,0,0,0,0,0,0,0,0,0,0,0,0,0,0,0,0,0,0,0,0],[0,0,0,0,0,0,0,0,0,0,0,0,0,0,0,0,0,0,0,0,0],[0,0,0,0,0,0,0,0,0,0,0,0,0,0,0,0,0,0,0,0,0],[0,0,0,0,0,0,0,0,0,0,0,0,0,0,0,0,0,0,0,0,0,0,0,0,0],[0,0,0,0,0,0,0,0,0,0,0,0,0,0,0,0,0,0,0,0,0,0,0,0,0],[0,0,0,0,0,0,0,0,0,0,0,0,0,0,0,0,0,0,0,0,0,0,0,0,0],[0,0,0,0,0,0,0,0,0,0,0,0,0,0,0,0,0,0,0,0,0,0,0,0,0]],"AODEL":[[90,90,90,90,112.175491,90,67.8245087,90,102.794792,90,77.2052078,90,90,90,108.631851,90,71.3681488,96.6814423,129.186478,101.209106,90,90,50.8135223,83.3185577,78.7908936],[90,90,90,90,114.925201,90,65.0748,90,103.262405,90,90,76.7375946,90,90,90,74.4780197,90,105.52198,96.7454453,103.081894,132.905563,90,83.2545547,76.9181061,47.094429],[90,90,90,90,114.925201,90,65.0748,90,103.262405,90,90,76.7375946,90,74.4780197,90,105.52198,90,90,103.081894,96.7454453,132.905563,90,76.9181061,83.2545547,47.094429],[90,90,90,90,112.175491,90,67.8245087,90,102.794792,90,77.2052078,90,90,108.631851,90,71.3681488,90,101.209106,96.6814423,129.186478,90,90,78.7908936,83.3185577,50.8135223],[90,90,90,90,128.659805,90,51.3401909,90,90,90,90,90,64.3589935,90,115.641006,147.994614,102.308014,90,90,32.0053825,77.6919861],[90,90,90,90,157.380142,90,22.6198654,90,90,90,90,90,71.0753555,90,108.924644,168.231705,104.931419,90,90,11.7682886,75.0685806],[90,90,90,90,157.380142,90,22.6198654,90,90,90,90,71.0753555,90,108.924644,90,104.931419,168.231705,90,90,75.0685806,11.7682886],[90,90,90,90,128.659805,90,51.3401909,90,90,90,90,64.3589935,90,115.641006,90,102.308014,147.994614,90,90,77.6919861,32.0053825],[90,90,90,90,112.175491,90,67.8245087,90,90,90,90,90,108.631851,90,71.3681488,129.186478,96.6814423,101.209106,90,90,102.794792,77.2052078,50.8135223,83.3185577,78.7908936],[90,90,90,90,114.925201,90,65.0748,90,90,90,90,74.4780197,90,105.52198,132.905563,96.7454453,103.081894,90,90,103.262405,90,76.7375946,47.094429,83.2545547,76.9181061],[90,90,90,90,114.925201,90,65.0748,90,90,74.4780197,90,105.52198,90,90,103.081894,132.905563,96.7454453,90,103.262405,90,90,76.7375946,76.9181061,47.094429,83.2545547],[90,90,90,90,112.175491,90,67.8245087,90,90,90,90,108.631851,90,71.3681488,90,101.209106,96.6814423,129.186478,90,90,102.794792,77.2052078,78.7908936,83.3185577,50.8135223]],"AODAZ":[[59.3700027,286.491516,24.7310829,134.62056,59.3700027,81.5798645,59.3700027,317.348358,286.491516,276.753571,286.491516,14.9314175,243.737305,158.70697,134.62056,103.858719,134.62056,81.5798645,59.3700027,24.7310829,85.165062,61.508522,59.3700027,81.5798645,24.7310829],[78.8351212,275.635956,29.3779,144.102615,78.8351212,87.1751938,78.8351212,235.363693,275.635956,272.260498,311.610138,275.635956,66.055,16.5961208,109.054642,144.102615,161.336182,144.102615,87.1751938,29.3779,78.8351212,88.3849487,87.1751938,29.3779,78.8351212],[101.164879,264.364044,35.897377,150.622101,101.164879,92.8248062,101.164879,228.389862,264.364044,304.636322,267.739502,264.364044,70.9453583,35.897377,18.663826,35.897377,113.945,163.403885,150.622101,92.8248062,101.164879,91.6150513,150.622101,92.8248062,101.164879],[120.63,253.508469,45.3794365,155.268921,120.63,98.4201355,120.63,222.651642,253.508469,263.246429,253.508469,296.262695,21.2930317,45.3794365,76.1412811,45.3794365,165.068588,155.268921,98.4201355,120.63,118.491478,94.834938,155.268921,98.4201355,120.63],[0,281.164886,0,180,0,78.8351212,0,275.635956,305.89267,0,180,108.208481,180,251.791519,180,0,0,84.3640594,54.1073341,0,0],[0,273.764038,0,180,0,86.2359619,0,271.884064,300.63,0,180,114.727318,180,245.27269,180,0,0,88.1159515,59.3700027,0,0],[180,266.235962,0,180,180,93.7640381,180,239.37,268.115936,0,65.2726822,0,294.727325,0,180,180,180,120.63,91.8840485,180,180],[180,258.835114,0,180,180,101.164879,180,234.10733,264.364044,0,71.7915192,0,288.208496,0,180,180,180,125.892662,95.6359406,180,180],[300.63,278.420135,335.268921,225.37944,300.63,73.5084763,300.63,274.83493,298.491486,345.068573,256.141266,201.29303,225.37944,116.262703,225.37944,300.63,278.420135,335.268921,83.2464294,42.6516457,73.5084763,73.5084763,300.63,278.420135,335.268921],[281.164886,272.824799,330.622101,215.897385,281.164886,84.3640594,281.164886,271.615051,343.40387,293.945,198.663818,215.897385,250.945358,215.897385,281.164886,272.824799,330.622101,87.7394943,124.636307,84.3640594,48.3898659,84.3640594,281.164886,272.824799,330.622101],[258.835114,267.175201,324.102631,209.377899,258.835114,95.6359406,258.835114,268.384949,341.336182,324.102631,289.054657,324.102631,196.596115,246.055008,209.377899,258.835114,267.175201,131.610138,95.6359406,92.2605057,55.3636932,95.6359406,209.377899,258.835114,267.175201],[239.37,261.579865,314.620575,204.731079,239.37,106.491524,239.37,241.508514,265.16507,283.858734,338.70697,314.620575,63.7372971,314.620575,194.931412,204.731079,261.579865,239.37,96.7535706,137.348358,106.491524,106.491524,204.731079,261.579865,239.37]],"AOAEL":[[90,90,90,90,112.175491,90,67.8245087,90,102.794792,90,77.2052078,90,90,90,108.631851,90,71.3681488,96.6814423,50.8135223,101.209106,90,90,129.186478,83.3185577,78.7908936],[90,90,90,90,114.925201,90,65.0748,90,103.262405,90,90,76.7375946,90,90,90,74.4780197,90,105.52198,96.7454453,103.081894,47.094429,90,83.2545547,76.9181061,132.905563],[90,90,90,90,114.925201,90,65.0748,90,103.262405,90,90,76.7375946,90,74.4780197,90,105.52198,90,90,103.081894,96.7454453,47.094429,90,76.9181061,83.2545547,132.905563],[90,90,90,90,112.175491,90,67.8245087,90,102.794792,90,77.2052078,90,90,108.631851,90,71.3681488,90,101.209106,96.6814423,50.8135223,90,90,78.7908936,83.3185577,129.186478],[90,90,90,90,128.659805,90,51.3401909,90,90,90,90,90,64.3589935,90,115.641006,32.0053825,102.308014,90,90,147.994614,77.6919861],[90,90,90,90,157.380142,90,22.6198654,90,90,90,90,90,71.0753555,90,108.924644,11.7682886,104.931419,90,90,168.231705,75.0685806],[90,90,90,90,157.380142,90,22.6198654,90,90,90,90,71.0753555,90,108.924644,90,104.931419,11.7682886,90,90,75.0685806,168.231705],[90,90,90,90,128.659805,90,51.3401909,90,90,90,90,64.3589935,90,115.641006,90,102.308014,32.0053825,90,90,77.6919861,147.994614],[90,90,90,90,112.175491,90,67.8245087,90,90,90,90,90,108.631851,90,71.3681488,50.8135223,96.6814423,101.209106,90,90,102.794792,77.2052078,129.186478,83.3185577,78.7908936],[90,90,90,90,114.925201,90,65.0748,90,90,90,90,74.4780197,90,105.52198,47.094429,96.7454453,103.081894,90,90,103.262405,90,76.7375946,132.905563,83.2545547,76.9181061],[90,90,90,90,114.925201,90,65.0748,90,90,74.4780197,90,105.52198,90,90,103.081894,47.094429,96.7454453,90,103.262405,90,90,76.7375946,76.9181061,132.905563,83.2545547],[90,90,90,90,112.175491,90,67.8245087,90,90,90,90,108.631851,90,71.3681488,90,101.209106,96.6814423,50.8135223,90,90,102.794792,77.2052078,78.7908936,83.3185577,129.186478]],"AOAAZ":[[239.37,253.508469,335.268921,225.37944,239.37,98.4201355,239.37,317.348358,253.508469,96.7535706,253.508469,194.931412,243.737305,338.70697,225.37944,103.858719,225.37944,98.4201355,239.37,335.268921,265.16507,61.508522,239.37,98.4201355,335.268921],[258.835114,264.364044,330.622101,215.897385,258.835114,92.8248062,258.835114,235.363693,264.364044,92.2605057,311.610138,264.364044,66.055,196.596115,109.054642,215.897385,341.336182,215.897385,92.8248062,330.622101,258.835114,268.384949,92.8248062,330.622101,258.835114],[281.164886,275.635956,324.102631,209.377899,281.164886,87.1751938,281.164886,228.389862,275.635956,304.636322,87.7394943,275.635956,70.9453583,324.102631,198.663818,324.102631,113.945,343.40387,209.377899,87.1751938,281.164886,271.615051,209.377899,87.1751938,281.164886],[300.63,286.491516,314.620575,204.731079,300.63,81.5798645,300.63,222.651642,286.491516,83.2464294,286.491516,296.262695,201.29303,314.620575,76.1412811,314.620575,345.068573,204.731079,81.5798645,300.63,118.491478,274.83493,204.731079,81.5798645,300.63],[180,258.835114,0,180,180,101.164879,180,95.6359406,305.89267,180,0,108.208481,180,251.791519,180,180,0,264.364044,54.1073341,180,0],[180,266.235962,0,180,180,93.7640381,180,91.8840485,300.63,180,0,114.727318,180,245.27269,180,180,0,268.115936,59.3700027,180,0],[0,273.764038,0,180,0,86.2359619,0,239.37,88.1159515,180,65.2726822,0,294.727325,0,0,180,0,120.63,271.884064,180,0],[0,281.164886,0,180,0,78.8351212,0,234.10733,84.3640594,180,71.7915192,0,288.208496,0,0,180,0,125.892662,275.635956,180,0],[120.63,261.579865,24.7310829,134.62056,120.63,106.491524,120.63,94.834938,298.491486,165.068588,256.141266,21.2930317,134.62056,116.262703,134.62056,120.63,261.579865,24.7310829,263.246429,42.6516457,106.491524,106.491524,120.63,261.579865,24.7310829],[101.164879,267.175201,29.3779,144.102615,101.164879,95.6359406,101.164879,91.6150513,163.403885,293.945,18.663826,144.102615,250.945358,144.102615,101.164879,267.175201,29.3779,267.739502,124.636307,95.6359406,48.3898659,95.6359406,101.164879,267.175201,29.3779],[78.8351212,272.824799,35.897377,150.622101,78.8351212,84.3640594,78.8351212,88.3849487,161.336182,35.897377,289.054657,35.897377,16.5961208,246.055008,150.622101,78.8351212,272.824799,131.610138,84.3640594,272.260498,55.3636932,84.3640594,150.622101,78.8351212,272.824799],[59.3700027,278.420135,45.3794365,155.268921,59.3700027,73.5084763,59.3700027,241.508514,85.165062,283.858734,158.70697,45.3794365,63.7372971,45.3794365,14.9314175,155.268921,278.420135,59.3700027,276.753571,137.348358,73.5084763,73.5084763,155.268921,278.420135,59.3700027]]}
